TITLE,SGY_JSK_QTY_20220615,SGY_JSK_QTY_df_prev_day,CHANGE AMOUNT,CHANGE(%),CATEGORY
0.0132342,642,5,-637,-99.22,CAPA
0.0005,327,25,-302,-92.35,CAPA
0.00360468,220,2,-218,-99.09,CAPA
0.004378374,122,1,-121,-99.18,CAPA
0.000627,173,56,-117,-67.63,CAPA
0.00116844,103,5,-98,-95.15,CAPA
0.00055125,90,5,-85,-94.44,CAPA
0.00042,195,116,-79,-40.51,CAPA
0.001794,86,9,-77,-89.53,CAPA
0.00192,550,474,-76,-13.82,CAPA
0.000543375,84,13,-71,-84.52,CAPA
0.0018375,70,1,-69,-98.57,CAPA
0.0001,102,36,-66,-64.71,CAPA
0.00069083,71,5,-66,-92.96,CAPA
0.000585,89,27,-62,-69.66,CAPA
0.002025,72,12,-60,-83.33,CAPA
0.000966,84,25,-59,-70.24,CAPA
0.001872,76,18,-58,-76.32,CAPA
0.003,66,9,-57,-86.36,CAPA
0.00096,92,38,-54,-58.7,CAPA
0.00429,57,7,-50,-87.72,CAPA
0.004368,47,3,-44,-93.62,CAPA
0.0015,60,16,-44,-73.33,CAPA
0.003375,58,14,-44,-75.86,CAPA
0.00552,41,1,-40,-97.56,CAPA
0.00190485,57,18,-39,-68.42,CAPA
0.00055,50,12,-38,-76.0,CAPA
0.001875,39,2,-37,-94.87,CAPA
0.011146044,40,4,-36,-90.0,CAPA
0.000144,74,39,-35,-47.3,CAPA
0.0018816,50,16,-34,-68.0,CAPA
0.001701,34,1,-33,-97.06,CAPA
0.001448598,44,11,-33,-75.0,CAPA
0.00525,35,3,-32,-91.43,CAPA
0.000476,51,19,-32,-62.75,CAPA
0.001001,44,12,-32,-72.73,CAPA
0.000416,40,9,-31,-77.5,CAPA
0.001144,67,37,-30,-44.78,CAPA
0.00208725,30,1,-29,-96.67,CAPA
0.004,45,16,-29,-64.44,CAPA
0.002268,32,3,-29,-90.62,CAPA
0.00126,34,5,-29,-85.29,CAPA
2.1375e-05,30,1,-29,-96.67,CAPA
0.006682104,29,1,-28,-96.55,CAPA
0.00065,43,15,-28,-65.12,CAPA
0.0004375,51,23,-28,-54.9,CAPA
0.0006,145,117,-28,-19.31,CAPA
0.00264,29,1,-28,-96.55,CAPA
0.000506717,38,11,-27,-71.05,CAPA
0.000935,29,2,-27,-93.1,CAPA
0.0015504,27,1,-26,-96.3,CAPA
0.001176,34,8,-26,-76.47,CAPA
0.001,69,43,-26,-37.68,CAPA
2.4288e-05,30,4,-26,-86.67,CAPA
0.00231,85,60,-25,-29.41,CAPA
0.002835,33,8,-25,-75.76,CAPA
0.000209,32,9,-23,-71.88,CAPA
0.0016875,24,3,-21,-87.5,CAPA
0.00598,32,11,-21,-65.62,CAPA
0.001905242,25,4,-21,-84.0,CAPA
0.002688,24,4,-20,-83.33,CAPA
0.00196875,27,7,-20,-74.07,CAPA
0.000558,28,8,-20,-71.43,CAPA
0.006174,20,1,-19,-95.0,CAPA
0.00624,29,10,-19,-65.52,CAPA
0.00242,19,1,-18,-94.74,CAPA
0.000168,60,42,-18,-30.0,CAPA
0.004116,19,1,-18,-94.74,CAPA
0.001568,29,11,-18,-62.07,CAPA
0.0007308,24,6,-18,-75.0,CAPA
0.002093,32,14,-18,-56.25,CAPA
0.00052,23,6,-17,-73.91,CAPA
0.00234,31,14,-17,-54.84,CAPA
0.0006075,21,4,-17,-80.95,CAPA
0.000612,31,14,-17,-54.84,CAPA
0.001104,24,7,-17,-70.83,CAPA
0.00315,36,19,-17,-47.22,CAPA
0.000616,37,20,-17,-45.95,CAPA
0.006,19,3,-16,-84.21,CAPA
0.000392,25,9,-16,-64.0,CAPA
0.000465192,19,3,-16,-84.21,CAPA
1.4432e-05,85,69,-16,-18.82,CAPA
0.001014,17,1,-16,-94.12,CAPA
0.000666,17,2,-15,-88.24,CAPA
0.000884,21,6,-15,-71.43,CAPA
0.0033605,24,9,-15,-62.5,CAPA
0.0012878,17,2,-15,-88.24,CAPA
0.00104,40,25,-15,-37.5,CAPA
0.001834782,23,8,-15,-65.22,CAPA
0.0018785,17,2,-15,-88.24,CAPA
0.0011385,16,1,-15,-93.75,CAPA
0.0015435,18,4,-14,-77.78,CAPA
0.000162,21,8,-13,-61.9,CAPA
0.002,22,9,-13,-59.09,CAPA
0.00506,15,2,-13,-86.67,CAPA
0.00195,14,1,-13,-92.86,CAPA
0.000519453,16,3,-13,-81.25,CAPA
0.00050625,15,2,-13,-86.67,CAPA
0.001664,13,1,-12,-92.31,CAPA
0.000308798,13,1,-12,-92.31,CAPA
0.000212625,24,12,-12,-50.0,CAPA
3.6e-05,45,33,-12,-26.67,CAPA
0.0018,19,7,-12,-63.16,CAPA
0.00069,29,17,-12,-41.38,CAPA
0.00276,15,3,-12,-80.0,CAPA
0.005292,16,5,-11,-68.75,CAPA
0.0064125,14,3,-11,-78.57,CAPA
0.000614856,16,5,-11,-68.75,CAPA
0.000453,19,8,-11,-57.89,CAPA
0.001078,13,2,-11,-84.62,CAPA
0.001737216,12,2,-10,-83.33,CAPA
0.000891,13,3,-10,-76.92,CAPA
0.001482,12,2,-10,-83.33,CAPA
0.0002079,13,3,-10,-76.92,CAPA
8.2992e-05,20,10,-10,-50.0,CAPA
0.000312,23,13,-10,-43.48,CAPA
0.000294,37,27,-10,-27.03,CAPA
0.000235658,11,1,-10,-90.91,CAPA
0.000273,14,4,-10,-71.43,CAPA
0.0063,18,8,-10,-55.56,CAPA
0.0015561,15,6,-9,-60.0,CAPA
0.001677472,17,8,-9,-52.94,CAPA
1.76e-05,10,1,-9,-90.0,CAPA
0.000546,31,22,-9,-29.03,CAPA
0.0045,11,2,-9,-81.82,CAPA
0.001694,14,5,-9,-64.29,CAPA
0.02489157,14,5,-9,-64.29,CAPA
0.001949319,10,1,-9,-90.0,CAPA
0.0042,9,1,-8,-88.89,CAPA
0.003825,10,2,-8,-80.0,CAPA
0.000774,13,5,-8,-61.54,CAPA
0.001092,15,7,-8,-53.33,CAPA
0.006669,11,3,-8,-72.73,CAPA
0.00011025,10,2,-8,-80.0,CAPA
0.00081,18,10,-8,-44.44,CAPA
7.2e-06,24,17,-7,-29.17,CAPA
0.001575,26,19,-7,-26.92,CAPA
0.00085,32,25,-7,-21.88,CAPA
0.001654653,10,3,-7,-70.0,CAPA
0.0004095,9,2,-7,-77.78,CAPA
0.00104625,8,1,-7,-87.5,CAPA
1.6e-05,13,6,-7,-53.85,CAPA
0.001903125,12,5,-7,-58.33,CAPA
0.00216,15,8,-7,-46.67,CAPA
0.000224,90,83,-7,-7.78,CAPA
0.004072644,11,4,-7,-63.64,CAPA
0.001029375,8,1,-7,-87.5,CAPA
0.001485,8,1,-7,-87.5,CAPA
0.002808,10,4,-6,-60.0,CAPA
0.0013,11,5,-6,-54.55,CAPA
5.6e-05,17,11,-6,-35.29,CAPA
0.000286,7,1,-6,-85.71,CAPA
0.0014,39,33,-6,-15.38,CAPA
0.000129438,11,5,-6,-54.55,CAPA
0.001989,10,4,-6,-60.0,CAPA
0.000759375,11,5,-6,-54.55,CAPA
0.00147,17,11,-6,-35.29,CAPA
0.000512,11,5,-6,-54.55,CAPA
0.0001365,15,9,-6,-40.0,CAPA
0.0002299,8,2,-6,-75.0,CAPA
0.00034293,8,2,-6,-75.0,CAPA
0.0007788,8,2,-6,-75.0,CAPA
0.000293643,9,3,-6,-66.67,CAPA
0.0001768,11,5,-6,-54.55,CAPA
0.000726,6,1,-5,-83.33,CAPA
0.00025392,7,2,-5,-71.43,CAPA
0.00101175,12,7,-5,-41.67,CAPA
0.001617,9,4,-5,-55.56,CAPA
0.00168,12,7,-5,-41.67,CAPA
0.000114444,13,8,-5,-38.46,CAPA
0.000153,26,21,-5,-19.23,CAPA
0.001728,13,8,-5,-38.46,CAPA
3.735e-05,20,15,-5,-25.0,CAPA
0.000468,18,13,-5,-27.78,CAPA
0.000138,8,3,-5,-62.5,CAPA
0.000609,7,2,-5,-71.43,CAPA
0.0020306,6,1,-5,-83.33,CAPA
4.6875e-05,12,7,-5,-41.67,CAPA
0.00594,8,3,-5,-62.5,CAPA
0.000119574,13,8,-5,-38.46,CAPA
0.002559442,6,1,-5,-83.33,CAPA
0.00029565,15,10,-5,-33.33,CAPA
0.001062,15,10,-5,-33.33,CAPA
0.00391,11,6,-5,-45.45,CAPA
0.000602616,8,3,-5,-62.5,CAPA
0.0024,21,16,-5,-23.81,CAPA
0.000209475,6,2,-4,-66.67,CAPA
0.000384,19,15,-4,-21.05,CAPA
0.0004225,5,1,-4,-80.0,CAPA
0.00044,20,16,-4,-20.0,CAPA
0.00015675,5,1,-4,-80.0,CAPA
0.0001785,7,3,-4,-57.14,CAPA
0.001248,5,1,-4,-80.0,CAPA
0.000352912,8,4,-4,-50.0,CAPA
0.000387,18,14,-4,-22.22,CAPA
0.000198,22,18,-4,-18.18,CAPA
0.000453288,5,1,-4,-80.0,CAPA
0.00022,32,28,-4,-12.5,CAPA
0.00064125,6,2,-4,-66.67,CAPA
0.001848,14,10,-4,-28.57,CAPA
0.004125625,5,1,-4,-80.0,CAPA
0.00051,27,23,-4,-14.81,CAPA
5.67e-05,5,1,-4,-80.0,CAPA
0.00468,7,3,-4,-57.14,CAPA
0.000533494,5,1,-4,-80.0,CAPA
0.000536648,8,4,-4,-50.0,CAPA
0.000544996,6,2,-4,-66.67,CAPA
9.1e-05,6,2,-4,-66.67,CAPA
0.00204,7,3,-4,-57.14,CAPA
0.0007175,5,1,-4,-80.0,CAPA
0.0003168,8,4,-4,-50.0,CAPA
0.00616,6,2,-4,-66.67,CAPA
0.004914,9,5,-4,-44.44,CAPA
1e-05,6,2,-4,-66.67,CAPA
0.00057375,11,7,-4,-36.36,CAPA
0.010065,5,1,-4,-80.0,CAPA
0.00495,6,3,-3,-50.0,CAPA
0.000664125,4,1,-3,-75.0,CAPA
0.000830898,4,1,-3,-75.0,CAPA
0.00522,5,2,-3,-60.0,CAPA
0.000293664,7,4,-3,-42.86,CAPA
5.5944e-05,9,6,-3,-33.33,CAPA
0.0053295,6,3,-3,-50.0,CAPA
0.0007429,7,4,-3,-42.86,CAPA
0.00056,18,15,-3,-16.67,CAPA
0.00023232,7,4,-3,-42.86,CAPA
0.00015488,5,2,-3,-60.0,CAPA
0.00115425,5,2,-3,-60.0,CAPA
0.0087802,4,1,-3,-75.0,CAPA
0.0003024,5,2,-3,-60.0,CAPA
0.00306291,6,3,-3,-50.0,CAPA
0.001815848,8,5,-3,-37.5,CAPA
0.002464,6,3,-3,-50.0,CAPA
0.0007695,4,1,-3,-75.0,CAPA
0.0012425,6,3,-3,-50.0,CAPA
0.000196,19,16,-3,-15.79,CAPA
0.001215,4,1,-3,-75.0,CAPA
0.000714,5,2,-3,-60.0,CAPA
0.000226746,8,5,-3,-37.5,CAPA
0.001188,4,1,-3,-75.0,CAPA
0.000385,14,11,-3,-21.43,CAPA
0.0018876,6,3,-3,-50.0,CAPA
0.000276,5,2,-3,-60.0,CAPA
0.00165,5,2,-3,-60.0,CAPA
0.00017608,10,7,-3,-30.0,CAPA
0.002973696,10,7,-3,-30.0,CAPA
0.00053801,6,3,-3,-50.0,CAPA
0.00575,4,1,-3,-75.0,CAPA
3.3e-05,5,2,-3,-60.0,CAPA
0.00078125,8,5,-3,-37.5,CAPA
0.001914,4,1,-3,-75.0,CAPA
0.00440352,4,1,-3,-75.0,CAPA
0.0003366,4,1,-3,-75.0,CAPA
9.35e-05,5,2,-3,-60.0,CAPA
0.00026125,6,3,-3,-50.0,CAPA
9.9e-05,6,3,-3,-50.0,CAPA
0.00025425,5,2,-3,-60.0,CAPA
0.0001635,4,2,-2,-50.0,CAPA
0.003761504,4,2,-2,-50.0,CAPA
0.002475,4,2,-2,-50.0,CAPA
0.00117,18,16,-2,-11.11,CAPA
0.00294,4,2,-2,-50.0,CAPA
0.0002553,5,3,-2,-40.0,CAPA
0.000477326,4,2,-2,-50.0,CAPA
0.0030324,3,1,-2,-66.67,CAPA
0.002405925,3,1,-2,-66.67,CAPA
0.000540408,4,2,-2,-50.0,CAPA
0.0024805,4,2,-2,-50.0,CAPA
0.00696,11,9,-2,-18.18,CAPA
0.0061215,3,1,-2,-66.67,CAPA
4.55e-05,10,8,-2,-20.0,CAPA
0.003864,4,2,-2,-50.0,CAPA
0.0023856,5,3,-2,-40.0,CAPA
0.00252,11,9,-2,-18.18,CAPA
0.000473892,4,2,-2,-50.0,CAPA
0.000453125,13,11,-2,-15.38,CAPA
0.001836702,3,1,-2,-66.67,CAPA
0.000618792,3,1,-2,-66.67,CAPA
0.002663565,6,4,-2,-33.33,CAPA
0.00119475,3,1,-2,-66.67,CAPA
0.001023,3,1,-2,-66.67,CAPA
0.001235,3,1,-2,-66.67,CAPA
0.000115,5,3,-2,-40.0,CAPA
0.00182,13,11,-2,-15.38,CAPA
1.2e-05,6,4,-2,-33.33,CAPA
0.000652188,3,1,-2,-66.67,CAPA
0.000124355,3,1,-2,-66.67,CAPA
0.002244,4,2,-2,-50.0,CAPA
0.000434,3,1,-2,-66.67,CAPA
0.0025,10,8,-2,-20.0,CAPA
0.001925,3,1,-2,-66.67,CAPA
6.8e-05,3,1,-2,-66.67,CAPA
0.007595,3,1,-2,-66.67,CAPA
0.000828,6,4,-2,-33.33,CAPA
0.001425,3,1,-2,-66.67,CAPA
0.0019665,5,3,-2,-40.0,CAPA
0.00182835,3,1,-2,-66.67,CAPA
0.004720716,3,1,-2,-66.67,CAPA
0.0033,4,2,-2,-50.0,CAPA
0.000735,6,4,-2,-33.33,CAPA
0.00042525,3,1,-2,-66.67,CAPA
0.00410571,12,10,-2,-16.67,CAPA
0.00032736,15,13,-2,-13.33,CAPA
0.003185,3,1,-2,-66.67,CAPA
0.000621,9,7,-2,-22.22,CAPA
0.002312,4,2,-2,-50.0,CAPA
0.001512,5,3,-2,-40.0,CAPA
0.005238261,7,5,-2,-28.57,CAPA
0.0031388,3,1,-2,-66.67,CAPA
0.000435209,3,1,-2,-66.67,CAPA
0.0041325,3,1,-2,-66.67,CAPA
0.0009,62,60,-2,-3.23,CAPA
0.000126217,3,1,-2,-66.67,CAPA
0.00459,4,2,-2,-50.0,CAPA
0.0003971,4,2,-2,-50.0,CAPA
0.000352,8,7,-1,-12.5,CAPA
0.001302,3,2,-1,-33.33,CAPA
0.002484,2,1,-1,-50.0,CAPA
0.002125,8,7,-1,-12.5,CAPA
0.000308,5,4,-1,-20.0,CAPA
0.0002484,2,1,-1,-50.0,CAPA
0.001703853,2,1,-1,-50.0,CAPA
0.002057,8,7,-1,-12.5,CAPA
0.00163098,3,2,-1,-33.33,CAPA
0.0019,2,1,-1,-50.0,CAPA
0.0002622,4,3,-1,-25.0,CAPA
0.00026775,3,2,-1,-33.33,CAPA
0.002304,2,1,-1,-50.0,CAPA
0.00230454,3,2,-1,-33.33,CAPA
0.002106,2,1,-1,-50.0,CAPA
0.000271875,3,2,-1,-33.33,CAPA
0.002003328,3,2,-1,-33.33,CAPA
0.001505356,5,4,-1,-20.0,CAPA
0.001386,6,5,-1,-16.67,CAPA
0.002376,14,13,-1,-7.14,CAPA
0.00027477,4,3,-1,-25.0,CAPA
0.000288512,4,3,-1,-25.0,CAPA
0.001518,2,1,-1,-50.0,CAPA
0.00172125,2,1,-1,-50.0,CAPA
0.00171,3,2,-1,-33.33,CAPA
0.002185,2,1,-1,-50.0,CAPA
0.002178,4,3,-1,-25.0,CAPA
0.000348,2,1,-1,-50.0,CAPA
0.000349752,3,2,-1,-33.33,CAPA
0.002440625,2,1,-1,-50.0,CAPA
0.0013485,2,1,-1,-50.0,CAPA
0.001344,3,2,-1,-33.33,CAPA
0.001076112,2,1,-1,-50.0,CAPA
0.0002997,2,1,-1,-50.0,CAPA
0.004536,2,1,-1,-50.0,CAPA
9.5e-05,6,5,-1,-16.67,CAPA
3.45e-05,6,5,-1,-16.67,CAPA
0.00094962,4,3,-1,-25.0,CAPA
0.000465647,4,3,-1,-25.0,CAPA
3.42e-05,2,1,-1,-50.0,CAPA
0.000972513,2,1,-1,-50.0,CAPA
0.00097344,4,3,-1,-25.0,CAPA
0.000759,12,11,-1,-8.33,CAPA
0.000459954,2,1,-1,-50.0,CAPA
0.00045056,2,1,-1,-50.0,CAPA
0.00392,2,1,-1,-50.0,CAPA
0.001024,5,4,-1,-20.0,CAPA
0.003874475,2,1,-1,-50.0,CAPA
0.0008085,7,6,-1,-14.29,CAPA
0.0034542,2,1,-1,-50.0,CAPA
0.0078,5,4,-1,-20.0,CAPA
0.004048,2,1,-1,-50.0,CAPA
8.55e-05,8,7,-1,-12.5,CAPA
3.8e-05,2,1,-1,-50.0,CAPA
0.000911625,4,3,-1,-25.0,CAPA
0.005117952,2,1,-1,-50.0,CAPA
0.00510678,2,1,-1,-50.0,CAPA
0.005096,2,1,-1,-50.0,CAPA
0.0050578,3,2,-1,-33.33,CAPA
0.000833,4,3,-1,-25.0,CAPA
5.75e-05,4,3,-1,-25.0,CAPA
0.00053508,5,4,-1,-20.0,CAPA
0.005712,6,5,-1,-16.67,CAPA
0.00084804,2,1,-1,-50.0,CAPA
0.0058425,5,4,-1,-20.0,CAPA
0.000897,3,2,-1,-33.33,CAPA
0.004753125,3,2,-1,-33.33,CAPA
8.1e-05,45,44,-1,-2.22,CAPA
0.004712,11,10,-1,-9.09,CAPA
0.000770303,2,1,-1,-50.0,CAPA
0.0008976,2,1,-1,-50.0,CAPA
3.869e-05,2,1,-1,-50.0,CAPA
0.00780892,3,2,-1,-33.33,CAPA
0.003276,6,5,-1,-16.67,CAPA
0.003528,2,1,-1,-50.0,CAPA
0.0001995,7,6,-1,-14.29,CAPA
0.00273375,2,1,-1,-50.0,CAPA
0.000185,2,1,-1,-50.0,CAPA
0.00062426,2,1,-1,-50.0,CAPA
0.00062271,2,1,-1,-50.0,CAPA
0.00300625,3,2,-1,-33.33,CAPA
0.00304,10,9,-1,-10.0,CAPA
0.000702,12,11,-1,-8.33,CAPA
8.5e-06,2,1,-1,-50.0,CAPA
0.000693,21,20,-1,-4.76,CAPA
0.00015975,2,1,-1,-50.0,CAPA
0.000368631,3,2,-1,-33.33,CAPA
0.000368,3,2,-1,-33.33,CAPA
0.0088,2,1,-1,-50.0,CAPA
0.001157868,2,1,-1,-50.0,CAPA
0.00037632,2,1,-1,-50.0,CAPA
0.003234,4,3,-1,-25.0,CAPA
7.48e-07,3,2,-1,-33.33,CAPA
0.00836825,2,1,-1,-50.0,CAPA
0.0003625,2,1,-1,-50.0,CAPA
0.0004061,2,1,-1,-50.0,CAPA
0.00111228,2,1,-1,-50.0,CAPA
2.178e-06,2,1,-1,-50.0,CAPA
0.000365472,2,1,-1,-50.0,CAPA
0.008664,9,8,-1,-11.11,CAPA
0.0006555,5,4,-1,-20.0,CAPA
0.001096875,2,1,-1,-50.0,CAPA
0.000143,2,1,-1,-50.0,CAPA
