TITLE,SGY_JSK_QTY_20220615,SGY_JSK_QTY_df_prev_day,CHANGE AMOUNT,CHANGE(%),CATEGORY
63812727,526,172,-354,-67.3,FD_BUNRUI
63252010,221,41,-180,-81.45,FD_BUNRUI
36252040,226,47,-179,-79.2,FD_BUNRUI
21302121,161,7,-154,-95.65,FD_BUNRUI
63708383,152,5,-147,-96.71,FD_BUNRUI
63831010,294,148,-146,-49.66,FD_BUNRUI
57201111,183,55,-128,-69.95,FD_BUNRUI
63813230,351,239,-112,-31.91,FD_BUNRUI
15605050,180,82,-98,-54.44,FD_BUNRUI
86417010,102,6,-96,-94.12,FD_BUNRUI
72160660,97,1,-96,-98.97,FD_BUNRUI
45403010,97,2,-95,-97.94,FD_BUNRUI
77115035,82,3,-79,-96.34,FD_BUNRUI
63818989,428,354,-74,-17.29,FD_BUNRUI
53101515,166,93,-73,-43.98,FD_BUNRUI
71410004,85,14,-71,-83.53,FD_BUNRUI
26101111,78,12,-66,-84.62,FD_BUNRUI
71211010,313,251,-62,-19.81,FD_BUNRUI
35181010,95,38,-57,-60.0,FD_BUNRUI
72160110,40,1,-39,-97.5,FD_BUNRUI
77215013,39,3,-36,-92.31,FD_BUNRUI
77573024,35,1,-34,-97.14,FD_BUNRUI
21602060,58,24,-34,-58.62,FD_BUNRUI
21302020,53,21,-32,-60.38,FD_BUNRUI
18611010,45,14,-31,-68.89,FD_BUNRUI
72160180,37,6,-31,-83.78,FD_BUNRUI
33151010,41,11,-30,-73.17,FD_BUNRUI
71113007,30,1,-29,-96.67,FD_BUNRUI
71410002,69,41,-28,-40.58,FD_BUNRUI
71630000,33,6,-27,-81.82,FD_BUNRUI
63705056,78,53,-25,-32.05,FD_BUNRUI
45104010,69,44,-25,-36.23,FD_BUNRUI
63813270,75,51,-24,-32.0,FD_BUNRUI
63705454,59,36,-23,-38.98,FD_BUNRUI
45810101,25,3,-22,-88.0,FD_BUNRUI
86417020,22,1,-21,-95.45,FD_BUNRUI
15606062,25,4,-21,-84.0,FD_BUNRUI
36241010,51,31,-20,-39.22,FD_BUNRUI
45501025,28,9,-19,-67.86,FD_BUNRUI
53207373,30,11,-19,-63.33,FD_BUNRUI
63813434,109,91,-18,-16.51,FD_BUNRUI
63305050,46,30,-16,-34.78,FD_BUNRUI
72160130,17,1,-16,-94.12,FD_BUNRUI
18634040,74,59,-15,-20.27,FD_BUNRUI
36253020,83,68,-15,-18.07,FD_BUNRUI
12727020,26,11,-15,-57.69,FD_BUNRUI
63832910,28,14,-14,-50.0,FD_BUNRUI
71550000,51,39,-12,-23.53,FD_BUNRUI
63705252,35,23,-12,-34.29,FD_BUNRUI
51407171,17,5,-12,-70.59,FD_BUNRUI
63815254,18,6,-12,-66.67,FD_BUNRUI
21860302,15,4,-11,-73.33,FD_BUNRUI
72160120,13,2,-11,-84.62,FD_BUNRUI
63701010,82,71,-11,-13.41,FD_BUNRUI
12408111,12,1,-11,-91.67,FD_BUNRUI
35182010,23,12,-11,-47.83,FD_BUNRUI
63261011,15,5,-10,-66.67,FD_BUNRUI
56505050,11,1,-10,-90.91,FD_BUNRUI
71110001,15,5,-10,-66.67,FD_BUNRUI
64751010,22,12,-10,-45.45,FD_BUNRUI
71110002,15,5,-10,-66.67,FD_BUNRUI
25707070,12,3,-9,-75.0,FD_BUNRUI
63813435,16,7,-9,-56.25,FD_BUNRUI
71610000,32,23,-9,-28.12,FD_BUNRUI
45103010,52,43,-9,-17.31,FD_BUNRUI
45810505,89,80,-9,-10.11,FD_BUNRUI
72160650,10,1,-9,-90.0,FD_BUNRUI
63819333,10,2,-8,-80.0,FD_BUNRUI
45402030,9,1,-8,-88.89,FD_BUNRUI
47810303,16,9,-7,-43.75,FD_BUNRUI
36253010,24,17,-7,-29.17,FD_BUNRUI
63831110,12,5,-7,-58.33,FD_BUNRUI
43703030,38,31,-7,-18.42,FD_BUNRUI
56302020,12,5,-7,-58.33,FD_BUNRUI
63813333,21,14,-7,-33.33,FD_BUNRUI
77213013,11,4,-7,-63.64,FD_BUNRUI
72160150,8,1,-7,-87.5,FD_BUNRUI
71410003,9,2,-7,-77.78,FD_BUNRUI
63816969,65,59,-6,-9.23,FD_BUNRUI
53207171,13,7,-6,-46.15,FD_BUNRUI
51806161,11,5,-6,-54.55,FD_BUNRUI
63831310,7,1,-6,-85.71,FD_BUNRUI
13302110,13,8,-5,-38.46,FD_BUNRUI
71111006,35,30,-5,-14.29,FD_BUNRUI
47505151,46,41,-5,-10.87,FD_BUNRUI
64551010,8,3,-5,-62.5,FD_BUNRUI
71330000,9,4,-5,-55.56,FD_BUNRUI
45810000,13,8,-5,-38.46,FD_BUNRUI
72160410,5,1,-4,-80.0,FD_BUNRUI
47402020,5,1,-4,-80.0,FD_BUNRUI
47503131,5,1,-4,-80.0,FD_BUNRUI
33152030,6,2,-4,-66.67,FD_BUNRUI
12207171,5,1,-4,-80.0,FD_BUNRUI
56831010,42,38,-4,-9.52,FD_BUNRUI
47810000,10,7,-3,-30.0,FD_BUNRUI
51507171,6,3,-3,-50.0,FD_BUNRUI
63815456,28,25,-3,-10.71,FD_BUNRUI
63818080,7,4,-3,-42.86,FD_BUNRUI
53202036,4,1,-3,-75.0,FD_BUNRUI
63818585,109,106,-3,-2.75,FD_BUNRUI
47406110,13,10,-3,-23.08,FD_BUNRUI
53202037,5,2,-3,-60.0,FD_BUNRUI
45101030,9,7,-2,-22.22,FD_BUNRUI
47302020,3,1,-2,-66.67,FD_BUNRUI
45406010,5,3,-2,-40.0,FD_BUNRUI
72160140,3,1,-2,-66.67,FD_BUNRUI
63704040,3,1,-2,-66.67,FD_BUNRUI
47606060,3,1,-2,-66.67,FD_BUNRUI
21100609,3,1,-2,-66.67,FD_BUNRUI
86414010,4,2,-2,-50.0,FD_BUNRUI
36224010,3,1,-2,-66.67,FD_BUNRUI
36223020,3,1,-2,-66.67,FD_BUNRUI
45105010,7,5,-2,-28.57,FD_BUNRUI
63813210,9,7,-2,-22.22,FD_BUNRUI
15606060,105,103,-2,-1.9,FD_BUNRUI
63814210,22,20,-2,-9.09,FD_BUNRUI
12601011,8,6,-2,-25.0,FD_BUNRUI
53204040,4,2,-2,-50.0,FD_BUNRUI
63602020,2,1,-1,-50.0,FD_BUNRUI
45301030,3,2,-1,-33.33,FD_BUNRUI
12204310,2,1,-1,-50.0,FD_BUNRUI
21302424,5,4,-1,-20.0,FD_BUNRUI
64710318,13,12,-1,-7.69,FD_BUNRUI
45105020,7,6,-1,-14.29,FD_BUNRUI
56204040,32,31,-1,-3.12,FD_BUNRUI
12722072,3,2,-1,-33.33,FD_BUNRUI
51810000,4,3,-1,-25.0,FD_BUNRUI
12728020,8,7,-1,-12.5,FD_BUNRUI
63813535,2,1,-1,-50.0,FD_BUNRUI
36231060,2,1,-1,-50.0,FD_BUNRUI
36241040,2,1,-1,-50.0,FD_BUNRUI
36231030,4,3,-1,-25.0,FD_BUNRUI
36232030,2,1,-1,-50.0,FD_BUNRUI
