TITLE,SGY_JSK_QTY_20220615,SGY_JSK_QTY_df_prev_day,CHANGE AMOUNT,CHANGE(%),CATEGORY
340,518,29,-489,-94.4,TANKA
240,362,57,-305,-84.25,TANKA
5040,166,9,-157,-94.58,TANKA
204,181,27,-154,-85.08,TANKA
759,167,17,-150,-89.82,TANKA
6351,149,1,-148,-99.33,TANKA
490,228,83,-145,-63.6,TANKA
790,115,13,-102,-88.7,TANKA
70,97,2,-95,-97.94,TANKA
400,119,25,-94,-78.99,TANKA
83,87,1,-86,-98.85,TANKA
396,90,9,-81,-90.0,TANKA
210,95,19,-76,-80.0,TANKA
310,103,27,-76,-73.79,TANKA
295,76,1,-75,-98.68,TANKA
185,76,2,-74,-97.37,TANKA
5822,84,13,-71,-84.52,TANKA
815,76,5,-71,-93.42,TANKA
72,71,1,-70,-98.59,TANKA
480,140,71,-69,-49.29,TANKA
1400,581,518,-63,-10.84,TANKA
1116,64,3,-61,-95.31,TANKA
1586,59,1,-58,-98.31,TANKA
700,63,12,-51,-80.95,TANKA
888,129,78,-51,-39.53,TANKA
440,190,140,-50,-26.32,TANKA
58500,51,1,-50,-98.04,TANKA
680,62,12,-50,-80.65,TANKA
750,61,13,-48,-78.69,TANKA
1385,62,14,-48,-77.42,TANKA
250,59,12,-47,-79.66,TANKA
859,62,15,-47,-75.81,TANKA
654,48,3,-45,-93.75,TANKA
1584,53,13,-40,-75.47,TANKA
128,42,2,-40,-95.24,TANKA
660,68,29,-39,-57.35,TANKA
350,63,24,-39,-61.9,TANKA
697,45,7,-38,-84.44,TANKA
532,43,5,-38,-88.37,TANKA
1029,72,36,-36,-50.0,TANKA
223,63,30,-33,-52.38,TANKA
1157,58,25,-33,-56.9,TANKA
2296,35,3,-32,-91.43,TANKA
2995,35,3,-32,-91.43,TANKA
650,69,38,-31,-44.93,TANKA
205,32,1,-31,-96.88,TANKA
1990,46,15,-31,-67.39,TANKA
315,38,8,-30,-78.95,TANKA
126,76,46,-30,-39.47,TANKA
984,76,46,-30,-39.47,TANKA
348,88,59,-29,-32.95,TANKA
197,30,1,-29,-96.67,TANKA
2080,50,21,-29,-58.0,TANKA
130,62,33,-29,-46.77,TANKA
11700,30,2,-28,-93.33,TANKA
314,29,1,-28,-96.55,TANKA
812,36,8,-28,-77.78,TANKA
10360,30,2,-28,-93.33,TANKA
979,32,5,-27,-84.38,TANKA
1428,43,16,-27,-62.79,TANKA
330,33,6,-27,-81.82,TANKA
322,30,4,-26,-86.67,TANKA
338,26,1,-25,-96.15,TANKA
341,42,17,-25,-59.52,TANKA
2245,29,4,-25,-86.21,TANKA
249,39,14,-25,-64.1,TANKA
1000,36,11,-25,-69.44,TANKA
84,31,6,-25,-80.65,TANKA
809,39,14,-25,-64.1,TANKA
2912,34,10,-24,-70.59,TANKA
269,27,3,-24,-88.89,TANKA
1462,48,24,-24,-50.0,TANKA
7080,24,1,-23,-95.83,TANKA
1245,24,1,-23,-95.83,TANKA
500,39,16,-23,-58.97,TANKA
60,29,6,-23,-79.31,TANKA
155,22,1,-21,-95.45,TANKA
290,23,2,-21,-91.3,TANKA
365,41,20,-21,-51.22,TANKA
176,25,5,-20,-80.0,TANKA
3546,23,4,-19,-82.61,TANKA
2646,27,8,-19,-70.37,TANKA
41916,20,1,-19,-95.0,TANKA
620,21,2,-19,-90.48,TANKA
1844,20,1,-19,-95.0,TANKA
85,22,3,-19,-86.36,TANKA
273,39,21,-18,-46.15,TANKA
754,19,1,-18,-94.74,TANKA
581,28,10,-18,-64.29,TANKA
1219,38,20,-18,-47.37,TANKA
730,23,6,-17,-73.91,TANKA
6986,37,20,-17,-45.95,TANKA
15300,21,4,-17,-80.95,TANKA
2990,21,4,-17,-80.95,TANKA
820,18,2,-16,-88.89,TANKA
494,41,25,-16,-39.02,TANKA
2160,44,28,-16,-36.36,TANKA
12870,20,4,-16,-80.0,TANKA
5600,24,8,-16,-66.67,TANKA
217,26,10,-16,-61.54,TANKA
1655,18,3,-15,-83.33,TANKA
1645,16,1,-15,-93.75,TANKA
2176,18,3,-15,-83.33,TANKA
414,20,5,-15,-75.0,TANKA
2463,17,2,-15,-88.24,TANKA
55,37,22,-15,-40.54,TANKA
896,25,10,-15,-60.0,TANKA
3172,17,3,-14,-82.35,TANKA
372,15,1,-14,-93.33,TANKA
1260,61,47,-14,-22.95,TANKA
297,30,16,-14,-46.67,TANKA
2612,16,2,-14,-87.5,TANKA
860,17,3,-14,-82.35,TANKA
3813,16,2,-14,-87.5,TANKA
716,15,1,-14,-93.33,TANKA
4186,31,18,-13,-41.94,TANKA
601,16,3,-13,-81.25,TANKA
4537,19,6,-13,-68.42,TANKA
10920,17,4,-13,-76.47,TANKA
2800,29,16,-13,-44.83,TANKA
869,18,5,-13,-72.22,TANKA
394,14,2,-12,-85.71,TANKA
1783,33,21,-12,-36.36,TANKA
335,21,9,-12,-57.14,TANKA
1027,47,35,-12,-25.53,TANKA
2520,15,3,-12,-80.0,TANKA
3055,16,4,-12,-75.0,TANKA
106,14,2,-12,-85.71,TANKA
960,83,71,-12,-14.46,TANKA
945,32,20,-12,-37.5,TANKA
2352,17,6,-11,-64.71,TANKA
115,12,1,-11,-91.67,TANKA
382,12,1,-11,-91.67,TANKA
834,35,24,-11,-31.43,TANKA
783,20,9,-11,-55.0,TANKA
1246,22,11,-11,-50.0,TANKA
193,18,7,-11,-61.11,TANKA
689,20,9,-11,-55.0,TANKA
634,29,19,-10,-34.48,TANKA
2460,15,5,-10,-66.67,TANKA
4760,13,3,-10,-76.92,TANKA
564,11,1,-10,-90.91,TANKA
2000,17,7,-10,-58.82,TANKA
1470,28,18,-10,-35.71,TANKA
1398,12,2,-10,-83.33,TANKA
1330,17,7,-10,-58.82,TANKA
77,12,2,-10,-83.33,TANKA
133,12,3,-9,-75.0,TANKA
75,28,19,-9,-32.14,TANKA
358,25,16,-9,-36.0,TANKA
626,15,6,-9,-60.0,TANKA
1089,44,35,-9,-20.45,TANKA
2027,15,6,-9,-60.0,TANKA
198,11,2,-9,-81.82,TANKA
4900,11,2,-9,-81.82,TANKA
3098,13,5,-8,-61.54,TANKA
403,24,16,-8,-33.33,TANKA
230,11,3,-8,-72.73,TANKA
114,12,4,-8,-66.67,TANKA
823,11,3,-8,-72.73,TANKA
125,26,18,-8,-30.77,TANKA
182,19,11,-8,-42.11,TANKA
270,13,5,-8,-61.54,TANKA
430,14,6,-8,-57.14,TANKA
324,38,30,-8,-21.05,TANKA
150,20,13,-7,-35.0,TANKA
360,27,20,-7,-25.93,TANKA
3290,13,6,-7,-53.85,TANKA
885,21,14,-7,-33.33,TANKA
248,8,1,-7,-87.5,TANKA
76,9,2,-7,-77.78,TANKA
284,22,15,-7,-31.82,TANKA
8000,12,5,-7,-58.33,TANKA
921,11,4,-7,-63.64,TANKA
94,9,2,-7,-77.78,TANKA
4692,10,3,-7,-70.0,TANKA
721,9,2,-7,-77.78,TANKA
1402,9,3,-6,-66.67,TANKA
5120,7,1,-6,-85.71,TANKA
1992,11,5,-6,-54.55,TANKA
3192,12,6,-6,-50.0,TANKA
685,7,1,-6,-85.71,TANKA
446,10,4,-6,-60.0,TANKA
1106,10,4,-6,-60.0,TANKA
376,11,5,-6,-54.55,TANKA
465,7,1,-6,-85.71,TANKA
2140,9,3,-6,-66.67,TANKA
3536,8,2,-6,-75.0,TANKA
13860,7,1,-6,-85.71,TANKA
856,34,28,-6,-17.65,TANKA
747,16,10,-6,-37.5,TANKA
1849,16,11,-5,-31.25,TANKA
2366,33,28,-5,-15.15,TANKA
369,22,17,-5,-22.73,TANKA
144,38,33,-5,-13.16,TANKA
864,6,1,-5,-83.33,TANKA
687,9,4,-5,-55.56,TANKA
104,19,14,-5,-26.32,TANKA
109,22,17,-5,-22.73,TANKA
2730,9,4,-5,-55.56,TANKA
4347,10,5,-5,-50.0,TANKA
545,12,7,-5,-41.67,TANKA
300,28,23,-5,-17.86,TANKA
695,8,3,-5,-62.5,TANKA
1760,7,2,-5,-71.43,TANKA
8879,6,1,-5,-83.33,TANKA
9750,7,2,-5,-71.43,TANKA
1100,18,13,-5,-27.78,TANKA
1558,10,5,-5,-50.0,TANKA
1610,6,1,-5,-83.33,TANKA
245,7,2,-5,-71.43,TANKA
1090,44,39,-5,-11.36,TANKA
1491,21,16,-5,-23.81,TANKA
919,15,10,-5,-33.33,TANKA
3000,6,2,-4,-66.67,TANKA
3817,6,2,-4,-66.67,TANKA
3740,8,4,-4,-50.0,TANKA
1835,5,1,-4,-80.0,TANKA
8100,6,2,-4,-66.67,TANKA
258,22,18,-4,-18.18,TANKA
1030,7,3,-4,-57.14,TANKA
1663,7,3,-4,-57.14,TANKA
635,17,13,-4,-23.53,TANKA
6732,6,2,-4,-66.67,TANKA
594,7,3,-4,-57.14,TANKA
1958,7,3,-4,-57.14,TANKA
476,8,4,-4,-50.0,TANKA
219,6,2,-4,-66.67,TANKA
17000,5,1,-4,-80.0,TANKA
643,19,15,-4,-21.05,TANKA
2310,14,10,-4,-28.57,TANKA
1128,62,58,-4,-6.45,TANKA
1156,5,1,-4,-80.0,TANKA
166,6,2,-4,-66.67,TANKA
2870,5,1,-4,-80.0,TANKA
2989,17,13,-4,-23.53,TANKA
3198,5,1,-4,-80.0,TANKA
345,13,9,-4,-30.77,TANKA
79,5,1,-4,-80.0,TANKA
742,8,4,-4,-50.0,TANKA
950,7,3,-4,-57.14,TANKA
2940,6,2,-4,-66.67,TANKA
3583,5,1,-4,-80.0,TANKA
586,5,2,-3,-60.0,TANKA
2192,5,2,-3,-60.0,TANKA
1380,5,2,-3,-60.0,TANKA
1521,7,4,-3,-42.86,TANKA
216,14,11,-3,-21.43,TANKA
920,5,2,-3,-60.0,TANKA
1763,5,2,-3,-60.0,TANKA
6435,4,1,-3,-75.0,TANKA
98,4,1,-3,-75.0,TANKA
3107,14,11,-3,-21.43,TANKA
1767,6,3,-3,-50.0,TANKA
10200,4,1,-3,-75.0,TANKA
1548,5,2,-3,-60.0,TANKA
227,14,11,-3,-21.43,TANKA
6500,6,3,-3,-50.0,TANKA
1066,13,10,-3,-23.08,TANKA
2240,13,10,-3,-23.08,TANKA
148,146,143,-3,-2.05,TANKA
883,32,29,-3,-9.38,TANKA
615,5,2,-3,-60.0,TANKA
3589,8,5,-3,-37.5,TANKA
298,32,29,-3,-9.38,TANKA
293,5,2,-3,-60.0,TANKA
1524,5,2,-3,-60.0,TANKA
2740,6,3,-3,-50.0,TANKA
666,24,21,-3,-12.5,TANKA
681,16,13,-3,-18.75,TANKA
1987,5,2,-3,-60.0,TANKA
1854,4,1,-3,-75.0,TANKA
1387,4,1,-3,-75.0,TANKA
630,23,20,-3,-13.04,TANKA
874,5,2,-3,-60.0,TANKA
4783,5,2,-3,-60.0,TANKA
3261,4,1,-3,-75.0,TANKA
1750,5,3,-2,-40.0,TANKA
1677,3,1,-2,-66.67,TANKA
58,3,1,-2,-66.67,TANKA
1472,3,1,-2,-66.67,TANKA
847,3,1,-2,-66.67,TANKA
605,17,15,-2,-11.76,TANKA
811,21,19,-2,-9.52,TANKA
1780,4,2,-2,-50.0,TANKA
1347,10,8,-2,-20.0,TANKA
959,3,1,-2,-66.67,TANKA
1271,3,1,-2,-66.67,TANKA
16418,4,2,-2,-50.0,TANKA
8888,4,2,-2,-50.0,TANKA
3287,5,3,-2,-40.0,TANKA
3360,3,1,-2,-66.67,TANKA
8190,3,1,-2,-66.67,TANKA
305,3,1,-2,-66.67,TANKA
3735,5,3,-2,-40.0,TANKA
171,7,5,-2,-28.57,TANKA
1050,20,18,-2,-10.0,TANKA
3947,4,2,-2,-50.0,TANKA
911,4,2,-2,-50.0,TANKA
4410,3,1,-2,-66.67,TANKA
7800,3,1,-2,-66.67,TANKA
914,8,6,-2,-25.0,TANKA
255,3,1,-2,-66.67,TANKA
1007,4,2,-2,-50.0,TANKA
7560,5,3,-2,-40.0,TANKA
5449,6,4,-2,-33.33,TANKA
234,4,2,-2,-50.0,TANKA
940,13,11,-2,-15.38,TANKA
5791,3,1,-2,-66.67,TANKA
160,3,1,-2,-66.67,TANKA
9440,3,1,-2,-66.67,TANKA
3280,3,1,-2,-66.67,TANKA
2295,3,1,-2,-66.67,TANKA
477,3,1,-2,-66.67,TANKA
475,3,1,-2,-66.67,TANKA
472,8,6,-2,-25.0,TANKA
467,25,23,-2,-8.0,TANKA
1238,7,5,-2,-28.57,TANKA
2208,17,15,-2,-11.76,TANKA
2264,3,1,-2,-66.67,TANKA
12284,5,3,-2,-40.0,TANKA
1192,9,7,-2,-22.22,TANKA
124,3,1,-2,-66.67,TANKA
1535,4,2,-2,-50.0,TANKA
675,4,2,-2,-50.0,TANKA
2890,3,1,-2,-66.67,TANKA
380,8,6,-2,-25.0,TANKA
2450,7,5,-2,-28.57,TANKA
2792,7,5,-2,-28.57,TANKA
2786,20,18,-2,-10.0,TANKA
2629,3,1,-2,-66.67,TANKA
977,4,3,-1,-25.0,TANKA
981,2,1,-1,-50.0,TANKA
1363,6,5,-1,-16.67,TANKA
1511,2,1,-1,-50.0,TANKA
674,11,10,-1,-9.09,TANKA
1229,2,1,-1,-50.0,TANKA
756,3,2,-1,-33.33,TANKA
1476,4,3,-1,-25.0,TANKA
1105,19,18,-1,-5.26,TANKA
882,2,1,-1,-50.0,TANKA
611,3,2,-1,-33.33,TANKA
1460,3,2,-1,-33.33,TANKA
886,2,1,-1,-50.0,TANKA
802,18,17,-1,-5.56,TANKA
1543,2,1,-1,-50.0,TANKA
4320,5,4,-1,-20.0,TANKA
3850,3,2,-1,-33.33,TANKA
3654,2,1,-1,-50.0,TANKA
3513,4,3,-1,-25.0,TANKA
363,7,6,-1,-14.29,TANKA
366,2,1,-1,-50.0,TANKA
370,5,4,-1,-20.0,TANKA
4536,2,1,-1,-50.0,TANKA
2850,6,5,-1,-16.67,TANKA
2532,4,3,-1,-25.0,TANKA
2368,2,1,-1,-50.0,TANKA
2350,3,2,-1,-33.33,TANKA
427,9,8,-1,-11.11,TANKA
2346,2,1,-1,-50.0,TANKA
2262,7,6,-1,-14.29,TANKA
2241,4,3,-1,-25.0,TANKA
2711,2,1,-1,-50.0,TANKA
444,13,12,-1,-7.69,TANKA
261,12,11,-1,-8.33,TANKA
5250,3,2,-1,-33.33,TANKA
46800,2,1,-1,-50.0,TANKA
27860,2,1,-1,-50.0,TANKA
87,5,4,-1,-20.0,TANKA
14625,2,1,-1,-50.0,TANKA
113,2,1,-1,-50.0,TANKA
11379,2,1,-1,-50.0,TANKA
140,2,1,-1,-50.0,TANKA
253,3,2,-1,-33.33,TANKA
10416,2,1,-1,-50.0,TANKA
169,3,2,-1,-33.33,TANKA
7700,2,1,-1,-50.0,TANKA
6916,2,1,-1,-50.0,TANKA
6287,2,1,-1,-50.0,TANKA
221,2,1,-1,-50.0,TANKA
5720,2,1,-1,-50.0,TANKA
5651,7,6,-1,-14.29,TANKA
9100,2,1,-1,-50.0,TANKA
453,3,2,-1,-33.33,TANKA
3058,2,1,-1,-50.0,TANKA
1869,2,1,-1,-50.0,TANKA
570,2,1,-1,-50.0,TANKA
507,15,14,-1,-6.67,TANKA
1800,4,3,-1,-25.0,TANKA
580,9,8,-1,-11.11,TANKA
1600,5,4,-1,-20.0,TANKA
1918,2,1,-1,-50.0,TANKA
1596,7,6,-1,-14.29,TANKA
2141,2,1,-1,-50.0,TANKA
2015,10,9,-1,-10.0,TANKA
1650,4,3,-1,-25.0,TANKA
2028,2,1,-1,-50.0,TANKA
2067,2,1,-1,-50.0,TANKA
1588,2,1,-1,-50.0,TANKA
